0.998554
0.998588
0.998611
0.998612
0.998595
0.998572
0.998547
0.998513
0.998471
0.998416
0.998349
0.998263
0.998155
0.998021
0.99786
0.997677
0.997474
0.99725
0.997007
0.996743
0.996457
0.996144
0.995792
0.995397
0.994963
0.994488
0.993992
0.9935
0.993023
0.992544
0.992025
0.991449
0.990826
0.990152
0.989416
0.988593
0.987685
0.986711
0.985674
0.984547
0.983277
0.981846
0.980268
0.978532
0.976613
0.974421
0.971968
0.969335
0.966533
0.963481
0.95999
0.956013
0.951641
0.94686
0.941566
0.935543
0.928741
0.921259
0.913077
0.904065
0.894063
0.882937
0.870593
0.856985
0.842111
0.825987
0.808646
0.790133
0.770498
0.749802
0.72925